.Random.seed <-
c(403L, 12L, 1204446702L, -1136693048L, 1523171275L, 1513921065L, 
-2108364680L, 550266278L, -1550454847L, 1288303699L, 265100034L, 
161054260L, 2045868983L, 1012149165L, 1360789700L, -944016150L, 
-1536689323L, 2037533935L, 895173366L, 22179360L, 686830563L, 
888666241L, 1812670192L, -47004274L, 1404300025L, -2034653045L, 
888959162L, -1871125572L, -345360129L, -815969195L, -253003924L, 
1247356866L, 745836573L, 203976855L, 1770147326L, -462258760L, 
-1308175973L, -629073927L, 584630088L, -1466381706L, 1303511985L, 
1985748451L, -375078222L, 245890820L, 2065671239L, 619344669L, 
725862804L, 1948298554L, 351703429L, -769334689L, 2008564966L, 
-1498228880L, 334583955L, 675009841L, -1425488928L, 244568190L, 
127732489L, -827224773L, 1325293834L, -1949355796L, -11616913L, 
-52264283L, 1277066332L, 562928690L, 350173997L, 247955943L, 
1556315406L, 892277480L, 2058607851L, 1328190857L, -447748840L, 
-24164282L, 826257569L, -2020378829L, 1307010722L, 1099109780L, 
-892634089L, 1071541261L, 1114876196L, -212286198L, -97196939L, 
-58273841L, 2072613078L, 921317504L, -825315645L, 416741473L, 
-1147434800L, -1286553042L, -643316775L, -1876931605L, 219900506L, 
-1057465316L, -1531287265L, -1033209483L, -336332788L, 739205602L, 
1553103549L, 1927009591L, 567826910L, 962805528L, -1796270469L, 
-668347367L, 1864909992L, -1175077290L, -847996207L, 528194179L, 
447607058L, 484783268L, 1890477159L, 850062781L, -1667240140L, 
-1750512486L, 1625748197L, 1020906623L, 586892806L, 1531810192L, 
-1889530829L, -968473647L, 939886976L, 139060318L, -1354222679L, 
-1039537573L, -233877910L, -194940148L, 1875645775L, -1112273403L, 
1633154236L, 1705780626L, 1583677069L, -1977969465L, -861064786L, 
-2055545848L, 1952256011L, -85990167L, 534954936L, 316279910L, 
-671535871L, 1974922131L, 1302228034L, 809210868L, 1290051063L, 
-1791344147L, -1090899324L, -880761686L, 555930133L, 963702447L, 
1038961846L, 1828780768L, 258385443L, -459691711L, 2067706928L, 
-722555314L, -221824327L, 1450139339L, -1210169478L, 1135570556L, 
-346035521L, -73905259L, -19567700L, 1034224002L, 980305757L, 
-1240700329L, -362356418L, 995025272L, -680437157L, -887788103L, 
737316872L, 1774875318L, -1065793039L, -129990621L, -445988750L, 
627630788L, 1643385991L, 653944925L, 1458433620L, 497519738L, 
606230469L, -1379903201L, 1850513574L, 1637546544L, 1261519059L, 
763645681L, -122606048L, 1691195582L, 711261385L, -251726213L, 
-530222006L, 133782700L, 15600559L, -961319067L, -34388708L, 
501632370L, -1840478739L, 75368999L, 1731586638L, 1694019240L, 
-127834965L, 2054768073L, 1115146712L, -1053450106L, -1816056479L, 
-318791437L, 1829850978L, 588425684L, -428286761L, -149250355L, 
458741348L, -884255670L, -654974539L, 192933135L, 661965334L, 
-1078704960L, 665387651L, -783561055L, 649642128L, 993323886L, 
-395545319L, 474400171L, -124828774L, 794286940L, 1657436767L, 
-1864359371L, 1325574604L, -320888542L, -149412995L, 1590001783L, 
1127302558L, 203816024L, -68638277L, -1005679520L, -750692084L, 
-1708430624L, 401151330L, 1623840424L, 1036349004L, 2069771132L, 
1319681842L, -220470672L, 1983197508L, -1400010792L, 1373828218L, 
-1934452176L, -723251524L, 1785601876L, 1800179266L, -494772320L, 
1880300732L, -953273904L, 1998074210L, -1423202328L, -1622361140L, 
-1018351876L, -1248033806L, -293260160L, -789667596L, 795082888L, 
-729206470L, 2031473488L, 1666769004L, -2143118188L, 51103058L, 
-720211232L, -833942324L, 1194908832L, -1210172030L, -1358410520L, 
-662450964L, -13719492L, 806587506L, 419470448L, 1527271972L, 
-1802545608L, 286945818L, -1878108976L, 376522300L, -1032806252L, 
-1582887806L, -1944810560L, -1098813124L, -1377571184L, 20374562L, 
237056008L, 349697164L, -1107925988L, -946835310L, -1875614592L, 
-994493420L, 1265563432L, -2050987974L, -1536673584L, 686356588L, 
-1652576588L, 186084370L, -141347872L, 561152972L, -2083823136L, 
929679394L, 723117352L, -936374004L, -2143665604L, -961636110L, 
-2023154448L, 71694148L, 1331428440L, 792254010L, -1592397584L, 
-420907332L, 975139348L, -1403323198L, -2089244064L, 497975676L, 
47074512L, 243124258L, 710882472L, -2015174260L, 582529468L, 
-1803244494L, -339773632L, -282594636L, 1561836872L, -310470982L, 
20693776L, 1745041644L, -219296684L, 1225583378L, -277262944L, 
1303754700L, 1886778208L, -1972896574L, -1079762392L, -1923629652L, 
2006371132L, 1321467762L, -261972176L, 548979748L, -1521040840L, 
1364059866L, 1130890128L, -117204740L, -434830956L, 1586119490L, 
-241223168L, 1999438908L, 284502608L, -439122782L, -1064716472L, 
675126796L, 395222748L, -1523580846L, 793518208L, -581018796L, 
-768384024L, -935165190L, -255221936L, 9338924L, -477425292L, 
-1504169326L, 1870856800L, -840268660L, -1513343648L, -1080792862L, 
-1723023192L, 297077452L, 1729717756L, 704389042L, -31787024L, 
1809532356L, -1040721576L, -1358514822L, 1210058160L, -1880495684L, 
-696731052L, 1552346562L, -1015039200L, 2121509820L, -373570480L, 
-1476304926L, -208616600L, -1227258036L, 2005760764L, 771906290L, 
308982016L, 2058294388L, 399211016L, -1752462918L, 687880656L, 
1936804844L, -783038572L, -1374466862L, 2131085408L, 960094540L, 
1257776928L, -904729982L, -1898288664L, 2065175532L, 2075295292L, 
-205448590L, 428728176L, 433287460L, -999592392L, 600710554L, 
-987679280L, 1505661372L, -783351148L, -233843070L, -1537617472L, 
804396860L, -795543920L, 1493496610L, 1932994056L, 812365580L, 
-1705085028L, -181092334L, 661922688L, 1433861908L, -1779906264L, 
-1827938246L, 2005555152L, 1688930924L, 500714548L, 33993874L, 
-248922784L, 1871630668L, 1395599840L, 1631018914L, -1271730264L, 
-380783476L, 1610552252L, -1558710158L, -703097872L, 1313374276L, 
1907356760L, -352120774L, -638689168L, -72543684L, 1636645652L, 
311680706L, -1964007712L, -23522180L, -239173424L, -1252863070L, 
-1272442328L, 1398367500L, 1328757692L, 2124105010L, 1241992384L, 
806321716L, -1006078264L, -1915693382L, -953941872L, -1637467412L, 
155822676L, 446623378L, -897082592L, 241118156L, 1912945888L, 
-874132997L, 1036219852L, -1171819430L, -1423988401L, 12777497L, 
-1916158418L, 158770236L, -959491667L, -1897684393L, -79045728L, 
-814661378L, -1505483829L, -1461357107L, 1282717946L, 1875020600L, 
-781424415L, -1465103469L, -1157337164L, -1558743870L, -1050625833L, 
-2112273119L, 1883817190L, -41266716L, 181980437L, -1135753921L, 
956913880L, 1881229558L, 438760195L, 1573315653L, -1806402462L, 
-1137534000L, -2024066823L, -709264853L, 376497564L, 1812094410L, 
2030079679L, -679587831L, 1399255326L, -1162054452L, -1579671395L, 
1373377831L, -1763014832L, -1744320018L, -1857479013L, -2062511875L, 
-222324758L, -1448996728L, 40619569L, -140564317L, 235478180L, 
-917062318L, -167200601L, 913796337L, -1861919690L, -71412524L, 
2106194021L, -50797969L, 337689768L, 1920121350L, 604764979L, 
-461099115L, -530420750L, -1724014528L, -1065123415L, -1026928613L, 
-1629880852L, -1838916102L, -1524954577L, 1890371129L, 1423790158L, 
-1740719972L, 686881293L, -1942260105L, -1214091648L, 1626221790L, 
-1232818261L, -380026707L, 89863450L, 1133826520L, 985516609L, 
-242917133L, -2018402540L, 507770530L, -585273417L, 529324929L, 
334416262L, 1677593540L, 438269685L, -1405566113L, 1774226872L, 
1300042902L, 1302227619L, 915000421L, -2099259006L, -1473174800L, 
-1180092775L, -1262806389L, -1534395524L, 1097055658L, 1825052127L, 
-303013015L, 576095102L, 2021407596L, -1972514883L, -2105049977L, 
-336670608L, -1914266866L, -357533637L, 478525213L, 941266378L, 
-858362136L, -1658363439L, -1597000765L, -798651196L, 1151030130L, 
1298435655L, -1916916207L, -1331855466L, 648119028L, 527901829L, 
1242192335L, 1655819464L, -1720763034L, 957931411L, -1627881227L, 
-2112845614L, -727206112L, 1725429513L, 674422843L, 1084872076L, 
-1730704358L, 2005164175L, -208422951L, -305538962L, 782883836L, 
-1965389459L, -1426586857L, -2016992544L, -1454120770L, 710348427L, 
1278072077L, 1434949946L, -417420936L, -714290399L, -1640997933L, 
-1892850956L, -1028109438L, 519059991L, -1013081887L, 1815115302L, 
